3.7182285103337133e+04 5.2379027163321356e+04 1.0042701279779133e+03
-1.4585514114441659e+05 1.6369999013468216e+05 1.2842681090974520e+03
-8.0598048341932503e+04 1.0874357535292793e+05 1.6364958730952712e+03
-1.3743309404272068e+05 5.2331442615807828e+04 9.1447149786866305e+02
2.3423841879631006e+05 1.5796571152728552e+05 1.1286390117152127e+03
8.0185163030628450e+04 8.6243490939784169e+04 8.3912511970267883e+02
-1.1922933804262249e+05 2.1198316322072322e+05 1.1976688741206426e+03
-1.1488150077817058e+03 5.7321795443538169e+04 5.5406423501574341e+02
4.0231915902505491e+04 2.5710913770896569e+05 1.6348962778193795e+03
-8.0450112177015297e+04 -1.0675070823147579e+05 7.9484509718305742e+02
-8.0450112177015297e+04 -1.0675070823147579e+05 7.9484509718305742e+02
-3.6024731809228391e+05 3.2088383956164304e+04 0.0000000000000000e+00
1.2458573852312320e+05 1.4799742547631875e+05 1.0263111350565046e+03
1.1450525056018843e+05 5.2883546742977131e+04 5.5552501540662695e+02
-1.2196383075552536e+05 -1.8440643513657444e+04 1.5888511287913951e+02
6.6929471384340732e+03 -2.5123278796969866e+04 6.2421280344098273e+02
-1.9520325350384516e+05 1.1326381524385604e+05 1.3464839443248793e+03
-2.1355468340634930e+05 2.4274731286148689e+05 1.1197971236476810e+03
4.9717996128426093e+04 3.9563561554052918e+04 8.6135209441031134e+02
-4.6408687478714169e+05 6.2981567485332467e+04 0.0000000000000000e+00
-4.5784853494338327e+04 -2.7587926046930395e+04 4.5689343885454593e+02
1.4702459196804397e+05 1.4807878588100866e+05 1.3826185126500282e+03
-2.8190782019621006e+05 1.8801230061694348e+05 0.0000000000000000e+00
-3.5273497651784227e+05 2.4885934683248284e+05 0.0000000000000000e+00
-1.4354391766066762e+05 1.2271523456741728e+05 1.4825477082947980e+03
-2.6650595549522492e+05 2.4118038707018842e+05 0.0000000000000000e+00
-1.3351371553266334e+05 1.7753003726918303e+05 1.7258080956952963e+03
1.2881108883344261e+05 2.5279647613058315e+05 1.0088273777602096e+03
-3.5735073324925994e+04 -8.2078670637240444e+04 1.6273365505108717e+02
1.5487796195950426e+05 9.9534301844141737e+04 8.7790146801195590e+02
-2.9494578327457646e+04 2.0696697998872896e+04 1.0610867980011251e+03
-1.9711412730583627e+05 3.3790066886778208e+04 1.1370633194876411e+03
-3.1083637099936663e+05 -8.4609723475034698e+04 -0.0000000000000000e+00
2.4457528162833749e+05 1.9300173070286351e+05 1.3435891812322855e+03
-2.3703572411274479e+05 1.4427328245691533e+05 0.0000000000000000e+00
5.9998557044776928e+04 5.0051515748036891e+03 7.1471715701817470e+02
-2.5441223408149352e+05 4.9874147172205900e+04 0.0000000000000000e+00
-2.1886005577911168e+04 2.5139837356528130e+05 1.5534570537452942e+03
1.3932633856265234e+04 4.3487803229855330e+04 6.0224574466118645e+02
1.3932633856265234e+04 4.3487803229855330e+04 6.0224574466118645e+02
-4.2107260449113644e+05 -7.4704241842206044e+04 -0.0000000000000000e+00
-4.2107260449113644e+05 -7.4704241842206044e+04 -0.0000000000000000e+00
1.7660325567263208e+05 2.0844743246649115e+04 5.0732547807180686e+02
1.0995142809441840e+05 9.0652391300004776e+04 9.0346445311821878e+02
-4.0806415111655928e+05 9.5372796904393297e+04 0.0000000000000000e+00
-1.9592203189324416e+05 -2.0189884850910464e+03 1.1200675392328948e+02
-3.6206042859138275e+05 -1.8679790714332613e+05 -0.0000000000000000e+00
1.1599214321781772e+04 1.4693373351362906e+05 1.2389813615350090e+03
-3.6558766314089496e+05 -3.1986868642215322e+04 -0.0000000000000000e+00
8.3192249641451897e+04 2.0891392479195161e+05 1.3492137008653835e+03
8.3192249641451897e+04 2.0891392479195161e+05 1.3492137008653835e+03
-3.6687983790757426e+05 1.9594264849437101e+05 0.0000000000000000e+00
-2.5616122937104155e+05 -1.5991957115269703e+05 -0.0000000000000000e+00
2.0100685743577589e+05 1.3511350129335461e+05 1.0965709303919880e+03
-3.4605922334388323e+05 2.3332067294516898e+05 0.0000000000000000e+00
1.3932689379035270e+04 4.3454521015088067e+04 6.0185205159796044e+02
-4.5700578227759461e+05 5.7531990520588341e+04 0.0000000000000000e+00
-4.5700578227759461e+05 5.7531990520588341e+04 0.0000000000000000e+00
-3.3175506483462558e+05 2.5844186737666096e+04 0.0000000000000000e+00
-3.3175506483462558e+05 2.5844186737666096e+04 0.0000000000000000e+00
-2.4155699889195879e+05 1.5276972552405743e+05 0.0000000000000000e+00
-3.6224810346014833e+05 -9.1564189862275292e+04 -0.0000000000000000e+00
-1.8408365634357458e+05 2.4738542713688017e+05 1.0648520999611308e+03
-1.8408365634357458e+05 2.4738542713688017e+05 1.0648520999611308e+03
-4.4468449243565480e+05 -3.7643666772412740e+04 -0.0000000000000000e+00
-1.7727161279765060e+05 7.5379140033050673e+04 1.4964208375142418e+03
-1.7727161279765060e+05 7.5379140033050673e+04 1.4964208375142418e+03
-3.1527643755608908e+05 -1.8491014975445491e+05 -0.0000000000000000e+00
1.1550186196436446e+05 2.3306236853709829e+05 1.7700464222907667e+03
-2.8681962834246387e+05 9.1808328111534851e+04 0.0000000000000000e+00
-3.5802645493278990e+05 1.8356880362912407e+05 0.0000000000000000e+00
-2.7636613499120611e+05 2.1993749268847259e+05 0.0000000000000000e+00
-2.7387286389732856e+05 -6.3045116461208163e+04 -0.0000000000000000e+00
-4.0194319885786786e+05 5.5385558606433869e+03 0.0000000000000000e+00
1.5894104791172288e+05 1.7606175594402364e+05 1.3846767479921994e+03
-1.4955455280980936e+05 5.3334454523002350e+03 7.5832429102559743e+01
-1.4406335099688845e+05 -4.6715339124169550e+04 -5.0806151772572321e+01
-9.4554319170051152e+04 -1.0136839394139279e+05 -5.0762532226512933e+00
-5.6769114482147510e+04 -5.5502677693248690e+04 1.2578684204141231e+02
-3.9482060671859392e+04 -1.6669515874783821e+04 4.1614689904058912e+02
-4.5902080769215332e+04 -2.6842936106376481e+04 4.9222679893742281e+02
-5.3060744898577330e+04 -3.9176133990126655e+04 3.6090126631910897e+02
-6.9239365002079663e+04 -5.6211656841678472e+04 8.2959688793137445e+02
-8.4432195927045628e+04 -1.2134902681816065e+05 4.8325207003213234e+02
1.1163823909581496e+05 8.5205141174119883e+04 6.5810339017738147e+02
-1.9723490164775425e+05 1.8666317990269736e+05 1.1150091070994276e+03
-4.2174592358149879e+05 3.1169724511484139e+04 0.0000000000000000e+00
-3.6211675334166246e+05 1.5332772528127744e+05 0.0000000000000000e+00
-4.5586882758599357e+05 5.9551589449076717e+04 0.0000000000000000e+00
-4.1863730750063399e+05 1.4819989641694690e+05 0.0000000000000000e+00
1.0029988823671882e+04 -3.2297093714860446e+04 6.8824789143766873e+02
2.1765357173972650e+05 1.3005017741242057e+05 9.4019543494598258e+02
2.4138249017436139e+05 1.4387975572122211e+05 9.5662330220297383e+02
-1.4403242646603470e+05 1.2394485947748667e+05 1.4398703521433272e+03
-5.4078436419408077e+04 1.9131410227454620e+05 1.5859839764853880e+03
2.1926703267659878e+05 2.3325538728230150e+05 1.1175346503084190e+03
1.6586301684239271e+05 2.3064609295026015e+05 1.0155190783802700e+03
-1.3573257670184245e+05 8.2216437572712108e+04 6.2671957548288208e+02
-2.5972832632569852e+05 1.5628109385151297e+05 0.0000000000000000e+00
-3.3512028387394315e+05 2.5718608913850065e+04 0.0000000000000000e+00
-1.1816387939569722e+04 6.5131689625747647e+04 6.3932033945158219e+02
-1.1271445616636916e+04 6.6583196936768538e+04 7.7771985172438679e+02
2.5042724160975446e+04 8.2932598005192383e+04 1.4303132188026884e+03
-5.6749277965380614e+04 6.3440148647346701e+04 9.8379937148746239e+02
-4.5475782183869473e+04 1.1372661944142492e+05 1.6935867613520259e+03
1.2218885655634109e+04 4.2914883969777984e+04 5.7459478110915904e+02
2.6323393656198903e+04 5.3860880289013279e+04 7.5954587993212704e+02
-1.4982679516784767e+04 6.4969278987269128e+04 5.7744564158506375e+02
-4.2078001704523317e+05 -7.1039104202249597e+04 -0.0000000000000000e+00
-4.1417983459847036e+05 -6.5895634901418161e+04 -0.0000000000000000e+00
-4.4730695949069044e+05 -3.9081978882975061e+04 -0.0000000000000000e+00
-4.4881713819784054e+05 -3.7599095102569270e+04 -0.0000000000000000e+00
-7.4428722366751987e+04 -4.6793012371791381e+04 5.0548654533688072e+01
-7.3855490361623684e+04 -4.8811453891997269e+04 1.7043405534290139e+02
-7.0946617838660255e+04 -4.2284029530983709e+04 1.5420611106769425e+02
-7.4771535918652531e+04 -4.9999443112918212e+04 1.9610050577364291e+02
-7.5936319200243073e+04 -4.7692851191649410e+04 4.1134992380117858e+01
-7.6256198505154040e+04 -4.6527396662289808e+04 -8.0304279575882305e+00
-7.6245880935270470e+04 -4.5363751030583269e+04 -1.9707028768282225e+01
-3.3220347904638773e+04 9.2711034944716459e+02 5.1924856521595473e+02
-2.2045644257865151e+05 1.3445053581813970e+05 2.2243118230736973e+03
1.2860711529103282e+05 2.5412528131083047e+05 1.1137959522957158e+03
-2.3714355764226726e+04 2.0445451657941932e+04 5.2672976532209202e+02
1.0979624969934741e+05 1.9832294511535400e+05 1.1064094008568031e+03
6.0741495147571026e+04 4.8247089322305568e+04 5.3374870880511764e+02
-3.1833363909573178e+05 -3.3839959295052744e+04 -0.0000000000000000e+00
-3.7444264050414966e+05 -9.3831518503229076e+04 -0.0000000000000000e+00
-2.7479390159185202e+05 -6.4164494061700250e+04 -0.0000000000000000e+00
-1.8714536411296728e+05 -6.6552985672444283e+03 2.8633793585329968e+01
-3.0803785390337359e+05 -8.7598110800567651e+04 -0.0000000000000000e+00
-2.1305652655043514e+05 2.1100257280704995e+04 1.2321752320218388e+03
-2.1392413582422776e+05 -2.1615663396428728e+04 -2.1047125090229294e+01
2.3365660109738031e+05 1.5786105134827492e+05 1.1426686608825396e+03
2.4889964441039274e+05 1.9483121314331744e+05 1.3248334703700223e+03
-2.3154964651617687e+05 1.1452671150876499e+05 1.4381845015793424e+03
-8.9657470572095735e+03 6.4979452270892354e+04 6.7903856977455644e+02
-6.2599194656934897e+03 6.5841225497664695e+04 7.2152927829620421e+02
-7.2754175541539407e+03 5.9477198434867503e+04 4.6020963567424741e+02
-1.3281402740543100e+05 1.5584849391381544e+05 1.5640841312336599e+03
-6.7552568303191174e+03 1.3770743619572575e+05 1.4190966508998720e+03
-1.8729220835752119e+04 3.1900917171077366e+04 4.8444941912268024e+02
1.1331860209167479e+05 8.5892822889725285e+04 6.4054845919878335e+02
8.1839488724954732e+04 8.8790043339193726e+04 1.0951708313266759e+03
1.3658465717500899e+05 1.1540950833114691e+05 9.4980159671409751e+02
1.0759488236908594e+05 1.1479156801421870e+05 1.3417956451767700e+03
1.3658465717500899e+05 1.1540950833114691e+05 9.4980159671409751e+02
1.3665477687083607e+05 1.1551601535481638e+05 9.5860019063071172e+02
-3.6205942901346629e+05 -1.8679572387999867e+05 -0.0000000000000000e+00
-3.6491324916326115e+05 -1.9337221181974217e+05 -0.0000000000000000e+00
-3.7986160962794110e+05 -1.9953028824160501e+05 -0.0000000000000000e+00
-2.5616122937104155e+05 -1.5991957115269703e+05 -0.0000000000000000e+00
-3.3427610231248755e+05 -1.7786860465968205e+05 -0.0000000000000000e+00
-3.6791117068386637e+05 -1.7129944678466365e+05 -0.0000000000000000e+00
-2.8008742356470425e+05 -2.0342238262891764e+05 -0.0000000000000000e+00
-2.8190748434176034e+05 -1.9919339300304052e+05 -0.0000000000000000e+00
-2.4525742433676837e+05 2.4344686970298717e+05 0.0000000000000000e+00
3.3004891350929196e+04 2.4758650308030806e+05 1.5962390332569423e+03
2.1513615415007051e+04 1.9162779270244858e+05 1.3906779718017572e+03
-2.1822435696259541e+04 2.5222830587355988e+05 1.5488852221858185e+03
-7.9395258126953529e+04 2.4281665772507866e+05 1.1998560146870079e+03
-1.0004292622876278e+05 8.3176385716548190e+04 1.1465817372873846e+03
-1.1254466315175219e+05 7.8963826437330164e+04 6.7391008212161842e+02
-1.1785733310088736e+05 2.8767700098034049e+04 9.3490792112618109e+01
-7.7821937919788936e+04 9.5401251335089051e+04 8.2666862443756486e+02
-7.7864822747020313e+04 9.5322874358843241e+04 8.1934803818198463e+02
-1.0008092399373160e+05 8.3312784022276086e+04 1.1420935157304023e+03
-1.1253584779186186e+05 7.8963706283031497e+04 6.7403544868063216e+02
-1.3760389793062326e+05 4.5613504960024336e+04 3.8179843335515920e+02
-1.3760389793062326e+05 4.5613504960024336e+04 3.8179843335515920e+02
-1.3760389793062326e+05 4.5613504960024336e+04 3.8179843335515920e+02
-2.0440722341051392e+05 1.0993448435344790e+05 1.2679465242278638e+03
4.9650859582389923e+04 3.5353913707435895e+04 5.9347930358767530e+02
-1.7680350685523555e+05 9.4242429676999076e+04 1.6295502577567561e+03
-7.7835642948646098e+04 -8.9372799797939966e+04 1.0749018736363139e+02
-7.5527006501605327e+04 -8.6835039402019320e+04 8.2547470309232750e+01
-7.1054486749536256e+04 -4.5271767674756964e+04 1.6109914497922151e+02
-7.7519287597326504e+04 -8.6155288842666545e+04 1.1620451447011487e+02
-7.4382949407185937e+04 -8.4130410132372475e+04 7.9777876723104924e+01
-1.3001498554160721e+05 6.3427936329904238e+04 1.2125943134735228e+03
-1.2989566153873291e+05 6.3431616795012909e+04 1.2103892097946866e+03
-1.2253573742850361e+05 6.9845685158992710e+04 5.2617856202516202e+02
-1.2256591406536460e+05 6.9769002283343114e+04 5.2921705214745589e+02
-2.9269838013813347e+04 1.4308655433541802e+04 5.3326677545458085e+02
-3.1245697114683790e+04 1.1076926300015637e+04 5.5808326830278111e+02
7.1364583851927498e+04 1.2758178319171998e+03 5.3245176037284398e+02
-3.7958574240724745e+04 -7.5818288227615358e+03 4.7513571009379416e+02
3.1118007316707593e+04 6.4914365383689274e+03 8.7684052373690747e+02
7.7803239848993093e+04 1.2198361074610177e+05 1.2182560803526133e+03
4.2757449945341941e+04 1.7326283663385949e+05 1.3808310409281601e+03
1.6408741061601869e+05 1.3433581758484029e+05 1.2780118777349501e+03
8.1578754745494298e+04 2.0131698951117377e+05 1.2189940957853482e+03
8.5095463452169352e+04 1.4954660742073163e+05 1.0368649952022449e+03
5.7475428191175532e+04 8.7504239500331387e+04 8.9367491494079582e+02
1.3090716845080395e+05 6.5114448614401335e+04 5.4134681586278043e+02
-6.9862456620404220e+04 -3.6979039920943651e+04 1.5534550592141511e+02
-2.0068117762543516e+04 2.8426625613519016e+04 4.9718142060584432e+02
3.7564039259175355e+04 1.0729259337055105e+05 1.6172395749244313e+03
-1.7179808097490211e+04 3.8280965097902685e+04 5.3200238834853781e+02
-3.2633815497153136e+05 -1.9145903905069246e+05 -0.0000000000000000e+00
-3.3078904760864482e+05 -1.9552092798570386e+05 -0.0000000000000000e+00
-9.5019988289986301e+04 9.1096987888979435e+04 1.0670494556716164e+03
-1.0712852246147707e+05 2.3628982606708701e+03 2.0298787766075623e+01
-1.8770497037020134e+05 4.7451034815338775e+04 1.5382328754845407e+03
-1.4736490704696314e+05 1.6570817765480215e+03 4.5949296966609843e+01
-1.0437552461918069e+05 4.8788953389941089e+04 2.4357418620581291e+02
-1.0798219630957008e+05 -2.4824931098840239e+04 6.9936929544685391e+00
-6.9040067710611518e+04 1.3999592524079836e+05 1.5179348908760801e+03
-1.7180772898560882e+05 2.9524192040982431e+04 2.8700840662428709e+02
-1.0014326197480218e+05 -6.4994429965796175e+04 -8.8939044016471680e+00
-7.0909348099536539e+04 -1.8826342261749105e+04 4.6657343276857723e+01
-4.5692004808677615e+04 -3.3941525891428268e+04 2.5125899792659374e+02
-6.7747432851963502e+04 -9.7803130714938176e+04 3.2730982276375926e+02
-7.5229936712977520e+04 -8.9391222680561463e+04 1.7387292039140976e+02
-4.3299111085819241e+04 1.6410993372733943e+05 1.7884366575411505e+03
-5.2388136119245653e+04 -4.6005904320885966e+04 9.7864692669382990e+01
-4.3604703501426629e+04 -2.1784211664086062e+04 4.5243902219881215e+02
-3.0118920630907948e+05 2.2348722122420053e+05 0.0000000000000000e+00
-3.0461056037031021e+05 8.4276094302683588e+04 0.0000000000000000e+00
-3.9430935300508590e+05 1.0980048427823985e+05 0.0000000000000000e+00
-3.5537001631350257e+05 1.9152782844282230e+05 0.0000000000000000e+00
-2.6083231012477927e+05 6.2343457197366610e+04 0.0000000000000000e+00
1.5315876526631913e+05 1.5755259731759279e+05 9.6670395898474396e+02
1.0309247016313317e+05 1.7783224401135836e+05 8.3169320384752530e+02
5.8906200430322649e+04 2.0733873952829555e+05 1.3476298369289095e+03
1.5866693945947191e+05 1.9294325632719236e+04 5.8712088021849968e+02
1.3399272616368858e+05 4.1575816300655111e+04 6.1391357698741945e+02
1.7386182071138831e+05 -2.8440035221908860e+04 3.4734082291526551e+02
2.0518865417502692e+05 8.6025686919668486e+04 7.8238364090599373e+02
2.4403685296719210e+05 2.9527396063270324e+04 5.7015284199392056e+02
-1.5069552152218169e+05 2.4488674487691690e+05 1.1851145884067219e+03
-6.4938230515187737e+04 9.5869920299456171e+03 1.6521181282537032e+02
1.4999511262928994e+05 2.0103075804807292e+05 1.1454012329826767e+03
2.0159446128233484e+05 1.6347096141174779e+05 1.5589099037308008e+03
-7.9888746205945659e+04 4.2525504102846877e+04 1.4731445333571770e+02
-3.8878075217504251e+04 2.1340556332831555e+04 6.8601640871966106e+02
1.6604797291354029e+05 6.5995529275250839e+04 6.3715374232044644e+02
1.9173069465604861e+05 1.7813921290750260e+05 1.0088129034505984e+03
8.0658920852368770e+04 1.4414328945939761e+05 1.1948182159039773e+03
6.0582228756470970e+04 8.8320959890766273e+04 1.0169920695891988e+03
1.6281188082920384e+05 1.3110036322664178e+05 1.4813130640256284e+03
-3.6045767837429728e+05 1.5210537193845803e+05 0.0000000000000000e+00
3.7182285103337133e+04 5.2379027163321356e+04 1.0042701279779133e+03
1.6604797291354029e+05 6.5995529275250839e+04 6.3715374232044644e+02
1.9173069465604861e+05 1.7813921290750260e+05 1.0088129034505984e+03
8.0658920852368770e+04 1.4414328945939761e+05 1.1948182159039773e+03
6.0582228756470970e+04 8.8320959890766273e+04 1.0169920695891988e+03
1.6281188082920384e+05 1.3110036322664178e+05 1.4813130640256284e+03
-3.6045767837429728e+05 1.5210537193845803e+05 0.0000000000000000e+00
2.3197504320147080e+04 8.6120637985323759e+04 1.5846278587656627e+03
-1.4585514114441659e+05 1.6369999013468216e+05 1.2842681090974520e+03
-8.0598048341932503e+04 1.0874357535292793e+05 1.6364958730952712e+03
5.5800377918958156e+03 1.4986628191375460e+03 7.8421431343082941e+02
-1.3743309404272068e+05 5.2331442615807828e+04 9.1447149786866305e+02
2.3423841879631006e+05 1.5796571152728552e+05 1.1286390117152127e+03
8.0185163030628450e+04 8.6243490939784169e+04 8.3912511970267883e+02
-1.1922933804262249e+05 2.1198316322072322e+05 1.1976688741206426e+03
-1.1488150077817058e+03 5.7321795443538169e+04 5.5406423501574341e+02
1.7304858988093669e+05 1.6804276490386648e+05 1.5417395198576098e+03
4.0231915902505491e+04 2.5710913770896569e+05 1.6348962778193795e+03
-8.0450112177015297e+04 -1.0675070823147579e+05 7.9484509718305742e+02
-8.0450112177015297e+04 -1.0675070823147579e+05 7.9484509718305742e+02
-3.6024731809228391e+05 3.2088383956164304e+04 0.0000000000000000e+00
1.2458573852312320e+05 1.4799742547631875e+05 1.0263111350565046e+03
1.1450525056018843e+05 5.2883546742977131e+04 5.5552501540662695e+02
-1.2196383075552536e+05 -1.8440643513657444e+04 1.5888511287913951e+02
6.6929471384340732e+03 -2.5123278796969866e+04 6.2421280344098273e+02
-1.9520325350384516e+05 1.1326381524385604e+05 1.3464839443248793e+03
-2.1355468340634930e+05 2.4274731286148689e+05 1.1197971236476810e+03
4.9717996128426093e+04 3.9563561554052918e+04 8.6135209441031134e+02
-4.6408687478714169e+05 6.2981567485332467e+04 0.0000000000000000e+00
-1.8691356969993300e+05 2.0263266583801285e+05 1.1279703747341432e+03
-4.5784853494338327e+04 -2.7587926046930395e+04 4.5689343885454593e+02
1.9114792276883614e+05 1.8913013178787226e+05 1.2282626043721539e+03
1.4702459196804397e+05 1.4807878588100866e+05 1.3826185126500282e+03
-2.8190782019621006e+05 1.8801230061694348e+05 0.0000000000000000e+00
-3.5273497651784227e+05 2.4885934683248284e+05 0.0000000000000000e+00
-1.4354391766066762e+05 1.2271523456741728e+05 1.4825477082947980e+03
-2.6650595549522492e+05 2.4118038707018842e+05 0.0000000000000000e+00
-1.3351371553266334e+05 1.7753003726918303e+05 1.7258080956952963e+03
1.2881108883344261e+05 2.5279647613058315e+05 1.0088273777602096e+03
-3.5735073324925994e+04 -8.2078670637240444e+04 1.6273365505108717e+02
1.5487796195950426e+05 9.9534301844141737e+04 8.7790146801195590e+02
-2.9494578327457646e+04 2.0696697998872896e+04 1.0610867980011251e+03
-1.9711412730583627e+05 3.3790066886778208e+04 1.1370633194876411e+03
-3.1083637099936663e+05 -8.4609723475034698e+04 -0.0000000000000000e+00
2.4457528162833749e+05 1.9300173070286351e+05 1.3435891812322855e+03
-2.3703572411274479e+05 1.4427328245691533e+05 0.0000000000000000e+00
2.3635611191261469e+04 1.9127871541814151e+05 1.3721832396792468e+03
5.9998557044776928e+04 5.0051515748036891e+03 7.1471715701817470e+02
-2.5441223408149352e+05 4.9874147172205900e+04 0.0000000000000000e+00
-2.1886005577911168e+04 2.5139837356528130e+05 1.5534570537452942e+03
1.3932633856265234e+04 4.3487803229855330e+04 6.0224574466118645e+02
1.3932633856265234e+04 4.3487803229855330e+04 6.0224574466118645e+02
-4.2107260449113644e+05 -7.4704241842206044e+04 -0.0000000000000000e+00
-4.2107260449113644e+05 -7.4704241842206044e+04 -0.0000000000000000e+00
1.7660325567263208e+05 2.0844743246649115e+04 5.0732547807180686e+02
1.0995142809441840e+05 9.0652391300004776e+04 9.0346445311821878e+02
-4.0806415111655928e+05 9.5372796904393297e+04 0.0000000000000000e+00
-1.9592203189324416e+05 -2.0189884850910464e+03 1.1200675392328948e+02
-3.6206042859138275e+05 -1.8679790714332613e+05 -0.0000000000000000e+00
1.1599214321781772e+04 1.4693373351362906e+05 1.2389813615350090e+03
2.1979288127197133e+05 2.3769893363772324e+05 1.0721285791165872e+03
-3.6558766314089496e+05 -3.1986868642215322e+04 -0.0000000000000000e+00
8.3192249641451897e+04 2.0891392479195161e+05 1.3492137008653835e+03
8.3192249641451897e+04 2.0891392479195161e+05 1.3492137008653835e+03
-3.6687983790757426e+05 1.9594264849437101e+05 0.0000000000000000e+00
-2.5616122937104155e+05 -1.5991957115269703e+05 -0.0000000000000000e+00
2.0100685743577589e+05 1.3511350129335461e+05 1.0965709303919880e+03
-3.4605922334388323e+05 2.3332067294516898e+05 0.0000000000000000e+00
1.3932689379035270e+04 4.3454521015088067e+04 6.0185205159796044e+02
-4.5700578227759461e+05 5.7531990520588341e+04 0.0000000000000000e+00
-4.5700578227759461e+05 5.7531990520588341e+04 0.0000000000000000e+00
-3.3175506483462558e+05 2.5844186737666096e+04 0.0000000000000000e+00
-3.3175506483462558e+05 2.5844186737666096e+04 0.0000000000000000e+00
-2.4155699889195879e+05 1.5276972552405743e+05 0.0000000000000000e+00
-3.6224810346014833e+05 -9.1564189862275292e+04 -0.0000000000000000e+00
-1.8408365634357458e+05 2.4738542713688017e+05 1.0648520999611308e+03
-1.8408365634357458e+05 2.4738542713688017e+05 1.0648520999611308e+03
-4.4468449243565480e+05 -3.7643666772412740e+04 -0.0000000000000000e+00
-1.7727161279765060e+05 7.5379140033050673e+04 1.4964208375142418e+03
-1.7727161279765060e+05 7.5379140033050673e+04 1.4964208375142418e+03
-3.1527643755608908e+05 -1.8491014975445491e+05 -0.0000000000000000e+00
1.1550186196436446e+05 2.3306236853709829e+05 1.7700464222907667e+03
-2.8681962834246387e+05 9.1808328111534851e+04 0.0000000000000000e+00
-3.5802645493278990e+05 1.8356880362912407e+05 0.0000000000000000e+00
-2.7636613499120611e+05 2.1993749268847259e+05 0.0000000000000000e+00
-2.7387286389732856e+05 -6.3045116461208163e+04 -0.0000000000000000e+00
-4.0194319885786786e+05 5.5385558606433869e+03 0.0000000000000000e+00
1.5894104791172288e+05 1.7606175594402364e+05 1.3846767479921994e+03
-1.4955455280980936e+05 5.3334454523002350e+03 7.5832429102559743e+01
-1.4406335099688845e+05 -4.6715339124169550e+04 -5.0806151772572321e+01
-9.4554319170051152e+04 -1.0136839394139279e+05 -5.0762532226512933e+00
-6.9992233774670764e+04 -6.9313200347509002e+04 1.1441400821201196e+02
-5.6769114482147510e+04 -5.5502677693248690e+04 1.2578684204141231e+02
-3.9482060671859392e+04 -1.6669515874783821e+04 4.1614689904058912e+02
-4.5902080769215332e+04 -2.6842936106376481e+04 4.9222679893742281e+02
-5.3060744898577330e+04 -3.9176133990126655e+04 3.6090126631910897e+02
-6.9239365002079663e+04 -5.6211656841678472e+04 8.2959688793137445e+02
-8.4432195927045628e+04 -1.2134902681816065e+05 4.8325207003213234e+02
7.8111977436993620e+04 7.6781179457904494e+04 9.0132028909806900e+02
-1.9723490164775425e+05 1.8666317990269736e+05 1.1150091070994276e+03
-4.2174592358149879e+05 3.1169724511484139e+04 0.0000000000000000e+00
-3.6211675334166246e+05 1.5332772528127744e+05 0.0000000000000000e+00
-4.5586882758599357e+05 5.9551589449076717e+04 0.0000000000000000e+00
-4.1863730750063399e+05 1.4819989641694690e+05 0.0000000000000000e+00
1.0029988823671882e+04 -3.2297093714860446e+04 6.8824789143766873e+02
2.1765357173972650e+05 1.3005017741242057e+05 9.4019543494598258e+02
2.4138249017436139e+05 1.4387975572122211e+05 9.5662330220297383e+02
-1.6016842034989618e+03 5.9764838940886504e+04 5.3013126035062965e+02
-1.4403242646603470e+05 1.2394485947748667e+05 1.4398703521433272e+03
-5.4078436419408077e+04 1.9131410227454620e+05 1.5859839764853880e+03
-1.3046863597208088e+05 1.8853084144018721e+05 1.2823330094641185e+03
2.1926703267659878e+05 2.3325538728230150e+05 1.1175346503084190e+03
1.6586301684239271e+05 2.3064609295026015e+05 1.0155190783802700e+03
-1.3573257670184245e+05 8.2216437572712108e+04 6.2671957548288208e+02
-2.5972832632569852e+05 1.5628109385151297e+05 0.0000000000000000e+00
-3.3512028387394315e+05 2.5718608913850065e+04 0.0000000000000000e+00
-1.1271445616636916e+04 6.6583196936768538e+04 7.7771985172438679e+02
2.5042724160975446e+04 8.2932598005192383e+04 1.4303132188026884e+03
-5.6749277965380614e+04 6.3440148647346701e+04 9.8379937148746239e+02
-4.5475782183869473e+04 1.1372661944142492e+05 1.6935867613520259e+03
1.2218885655634109e+04 4.2914883969777984e+04 5.7459478110915904e+02
-1.4982679516784767e+04 6.4969278987269128e+04 5.7744564158506375e+02
-1.4311069891155117e+04 4.1665684207811806e+04 4.8531950912580226e+02
-4.2078001704523317e+05 -7.1039104202249597e+04 -0.0000000000000000e+00
-4.1417983459847036e+05 -6.5895634901418161e+04 -0.0000000000000000e+00
-4.4730695949069044e+05 -3.9081978882975061e+04 -0.0000000000000000e+00
-4.4881713819784054e+05 -3.7599095102569270e+04 -0.0000000000000000e+00
-7.0946617838660255e+04 -4.2284029530983709e+04 1.5420611106769425e+02
-7.4771535918652531e+04 -4.9999443112918212e+04 1.9610050577364291e+02
-7.5936319200243073e+04 -4.7692851191649410e+04 4.1134992380117858e+01
-7.6245880935270470e+04 -4.5363751030583269e+04 -1.9707028768282225e+01
-3.3220347904638773e+04 9.2711034944716459e+02 5.1924856521595473e+02
-2.2045644257865151e+05 1.3445053581813970e+05 2.2243118230736973e+03
1.2860711529103282e+05 2.5412528131083047e+05 1.1137959522957158e+03
-4.1403191365721612e+05 -6.6126600299914935e+04 -0.0000000000000000e+00
-2.3714355764226726e+04 2.0445451657941932e+04 5.2672976532209202e+02
1.0979624969934741e+05 1.9832294511535400e+05 1.1064094008568031e+03
-3.1833363909573178e+05 -3.3839959295052744e+04 -0.0000000000000000e+00
-3.7444264050414966e+05 -9.3831518503229076e+04 -0.0000000000000000e+00
-2.7479390159185202e+05 -6.4164494061700250e+04 -0.0000000000000000e+00
-1.8714536411296728e+05 -6.6552985672444283e+03 2.8633793585329968e+01
-3.0803785390337359e+05 -8.7598110800567651e+04 -0.0000000000000000e+00
-2.1305652655043514e+05 2.1100257280704995e+04 1.2321752320218388e+03
-2.1392413582422776e+05 -2.1615663396428728e+04 -2.1047125090229294e+01
2.3365660109738031e+05 1.5786105134827492e+05 1.1426686608825396e+03
2.4889964441039274e+05 1.9483121314331744e+05 1.3248334703700223e+03
2.5499411444965311e+05 1.9223197105535647e+05 1.3682718017874927e+03
-2.3154964651617687e+05 1.1452671150876499e+05 1.4381845015793424e+03
-8.9657470572095735e+03 6.4979452270892354e+04 6.7903856977455644e+02
-6.2599194656934897e+03 6.5841225497664695e+04 7.2152927829620421e+02
-7.2754175541539407e+03 5.9477198434867503e+04 4.6020963567424741e+02
-1.3281402740543100e+05 1.5584849391381544e+05 1.5640841312336599e+03
-6.7552568303191174e+03 1.3770743619572575e+05 1.4190966508998720e+03
-1.8729220835752119e+04 3.1900917171077366e+04 4.8444941912268024e+02
8.1839488724954732e+04 8.8790043339193726e+04 1.0951708313266759e+03
1.3658465717500899e+05 1.1540950833114691e+05 9.4980159671409751e+02
1.0759488236908594e+05 1.1479156801421870e+05 1.3417956451767700e+03
1.3658465717500899e+05 1.1540950833114691e+05 9.4980159671409751e+02
1.3665477687083607e+05 1.1551601535481638e+05 9.5860019063071172e+02
-3.6205942901346629e+05 -1.8679572387999867e+05 -0.0000000000000000e+00
-3.6491324916326115e+05 -1.9337221181974217e+05 -0.0000000000000000e+00
-3.7986160962794110e+05 -1.9953028824160501e+05 -0.0000000000000000e+00
-2.5616122937104155e+05 -1.5991957115269703e+05 -0.0000000000000000e+00
-3.1035142845516320e+05 -1.7753855713819651e+05 -0.0000000000000000e+00
-3.3427610231248755e+05 -1.7786860465968205e+05 -0.0000000000000000e+00
-3.6791117068386637e+05 -1.7129944678466365e+05 -0.0000000000000000e+00
-2.8008742356470425e+05 -2.0342238262891764e+05 -0.0000000000000000e+00
-2.4525742433676837e+05 2.4344686970298717e+05 0.0000000000000000e+00
3.3004891350929196e+04 2.4758650308030806e+05 1.5962390332569423e+03
2.1513615415007051e+04 1.9162779270244858e+05 1.3906779718017572e+03
-2.1822435696259541e+04 2.5222830587355988e+05 1.5488852221858185e+03
-7.9395258126953529e+04 2.4281665772507866e+05 1.1998560146870079e+03
-1.0004292622876278e+05 8.3176385716548190e+04 1.1465817372873846e+03
-1.1254466315175219e+05 7.8963826437330164e+04 6.7391008212161842e+02
-1.1785733310088736e+05 2.8767700098034049e+04 9.3490792112618109e+01
-7.7821937919788936e+04 9.5401251335089051e+04 8.2666862443756486e+02
-7.7864822747020313e+04 9.5322874358843241e+04 8.1934803818198463e+02
-1.0008092399373160e+05 8.3312784022276086e+04 1.1420935157304023e+03
-1.1253584779186186e+05 7.8963706283031497e+04 6.7403544868063216e+02
-1.3760389793062326e+05 4.5613504960024336e+04 3.8179843335515920e+02
-1.3760389793062326e+05 4.5613504960024336e+04 3.8179843335515920e+02
-1.3760389793062326e+05 4.5613504960024336e+04 3.8179843335515920e+02
-2.0440722341051392e+05 1.0993448435344790e+05 1.2679465242278638e+03
4.9650859582389923e+04 3.5353913707435895e+04 5.9347930358767530e+02
-1.7680350685523555e+05 9.4242429676999076e+04 1.6295502577567561e+03
-7.5527006501605327e+04 -8.6835039402019320e+04 8.2547470309232750e+01
-7.7519287597326504e+04 -8.6155288842666545e+04 1.1620451447011487e+02
-7.4382949407185937e+04 -8.4130410132372475e+04 7.9777876723104924e+01
-7.7938356182884061e+04 -8.4168093652698342e+04 1.5691187510862085e+02
-1.3001498554160721e+05 6.3427936329904238e+04 1.2125943134735228e+03
-1.2989566153873291e+05 6.3431616795012909e+04 1.2103892097946866e+03
-1.2253573742850361e+05 6.9845685158992710e+04 5.2617856202516202e+02
-1.2256591406536460e+05 6.9769002283343114e+04 5.2921705214745589e+02
-2.9269838013813347e+04 1.4308655433541802e+04 5.3326677545458085e+02
3.1118007316707593e+04 6.4914365383689274e+03 8.7684052373690747e+02
7.7803239848993093e+04 1.2198361074610177e+05 1.2182560803526133e+03
4.2757449945341941e+04 1.7326283663385949e+05 1.3808310409281601e+03
1.6408741061601869e+05 1.3433581758484029e+05 1.2780118777349501e+03
8.1578754745494298e+04 2.0131698951117377e+05 1.2189940957853482e+03
8.5095463452169352e+04 1.4954660742073163e+05 1.0368649952022449e+03
5.7475428191175532e+04 8.7504239500331387e+04 8.9367491494079582e+02
1.3090716845080395e+05 6.5114448614401335e+04 5.4134681586278043e+02
-1.7179808097490211e+04 3.8280965097902685e+04 5.3200238834853781e+02
-3.2633815497153136e+05 -1.9145903905069246e+05 -0.0000000000000000e+00
-3.3078904760864482e+05 -1.9552092798570386e+05 -0.0000000000000000e+00
-3.3403489614758390e+05 -1.9376025961682212e+05 -0.0000000000000000e+00
-9.5019988289986301e+04 9.1096987888979435e+04 1.0670494556716164e+03
-1.0712852246147707e+05 2.3628982606708701e+03 2.0298787766075623e+01
-1.8770497037020134e+05 4.7451034815338775e+04 1.5382328754845407e+03
-1.4736490704696314e+05 1.6570817765480215e+03 4.5949296966609843e+01
-1.0437552461918069e+05 4.8788953389941089e+04 2.4357418620581291e+02
-1.0798219630957008e+05 -2.4824931098840239e+04 6.9936929544685391e+00
-6.9040067710611518e+04 1.3999592524079836e+05 1.5179348908760801e+03
-1.7180772898560882e+05 2.9524192040982431e+04 2.8700840662428709e+02
-7.0909348099536539e+04 -1.8826342261749105e+04 4.6657343276857723e+01
-4.5692004808677615e+04 -3.3941525891428268e+04 2.5125899792659374e+02
-6.7747432851963502e+04 -9.7803130714938176e+04 3.2730982276375926e+02
-7.5229936712977520e+04 -8.9391222680561463e+04 1.7387292039140976e+02
-3.8312183323210003e+04 -8.3864648641918538e+04 1.5449480380564373e+02
-7.4468063172872135e+04 -8.7676127028860617e+04 1.0660398401480720e+02
-4.3299111085819241e+04 1.6410993372733943e+05 1.7884366575411505e+03
-5.2388136119245653e+04 -4.6005904320885966e+04 9.7864692669382990e+01
-4.3604703501426629e+04 -2.1784211664086062e+04 4.5243902219881215e+02
-3.0118920630907948e+05 2.2348722122420053e+05 0.0000000000000000e+00
-3.0461056037031021e+05 8.4276094302683588e+04 0.0000000000000000e+00
-3.9430935300508590e+05 1.0980048427823985e+05 0.0000000000000000e+00
-3.5537001631350257e+05 1.9152782844282230e+05 0.0000000000000000e+00
-2.6083231012477927e+05 6.2343457197366610e+04 0.0000000000000000e+00
1.5315876526631913e+05 1.5755259731759279e+05 9.6670395898474396e+02
1.7829258584372123e+05 1.4769833510310747e+05 9.3399856876336764e+02
1.0309247016313317e+05 1.7783224401135836e+05 8.3169320384752530e+02
5.8906200430322649e+04 2.0733873952829555e+05 1.3476298369289095e+03
1.5866693945947191e+05 1.9294325632719236e+04 5.8712088021849968e+02
1.3399272616368858e+05 4.1575816300655111e+04 6.1391357698741945e+02
1.7386182071138831e+05 -2.8440035221908860e+04 3.4734082291526551e+02
2.0518865417502692e+05 8.6025686919668486e+04 7.8238364090599373e+02
2.4403685296719210e+05 2.9527396063270324e+04 5.7015284199392056e+02
-1.5069552152218169e+05 2.4488674487691690e+05 1.1851145884067219e+03
-6.4938230515187737e+04 9.5869920299456171e+03 1.6521181282537032e+02
1.4999511262928994e+05 2.0103075804807292e+05 1.1454012329826767e+03
2.0159446128233484e+05 1.6347096141174779e+05 1.5589099037308008e+03
-7.9888746205945659e+04 4.2525504102846877e+04 1.4731445333571770e+02
-3.8878075217504251e+04 2.1340556332831555e+04 6.8601640871966106e+02
